5\t06 17 23 28 33 38 42 48 53 56
6\t01 05 07 69 11 13 15 17 19 21 23 25 27 29 31 33 35 37 39 41 43 45 47 49 51 53 55 57 59
7\t01 03 05 07 09 12 14 17 19 21 24 26 29 31 33 36 38 41 43 45 47 49 51 53 55 57 59
8\t01 03 05 07 09 11 13 15 17 19 21 23 25 27 29 31 33 35 37 39 41 43 45 47 49 51 53 55 57 59
9\t01 03 05 07 09 11 13 15 18 20 22 24 27 29 32 35 37 40 43 45 49 54 59
10\t03 08 13 18 21 25 30 32 37 42 45 49 54 57
11\t02 06 12 18 24 30 36 42 48 54
12\t00 06 12 18 24 30 36 42 48 54
13\t00 06 12 18 24 30 36 42 48 54
14\t00 06 12 18 24 30 36 42 48 54
15\t00 03 08 12 15 19 22 26 29 33 36 40 43 47 50 54 57
16\t01 04 08 11 15 17 21 24 28 31 35 38 43 45 48 51 53 56 58
17\t00 03 05 07 10 12 14 17 19 21 24 26 28 31 33 35 38 40 42 45 47 49 52 54 56 59
18\t01 03 06 08 10 13 15 17 20 22 24 27 29 31 34 36 38 41 43 45 48 50 52 55 57
19\t00 02 04 06 09 11 14 18 21 25 29 31 35 39 43 46 50 53 56
20\t01 03 07 10 14 18 21 24 28 30 35 39 42 45 50 55 59
21\t04 11 14 19 24 28 34 41 48 56
22\t03 10 17 24 31 38 45 52 59
23\t06 13 20 27 34 42